python3 MAIN_no_enso.py 1.9670734205762415 5.692131851824371 2.621380265809922 4.058269716824933 4.32301854981791 0.2 1.0 1.0 0.2 0.3 0.5 0.15 1.0 0.2 0.15 1.0 0.4 3094.8571825269296 133.08999251175658 9228.275243017202 142.8752131806982 197.04736223785045 0 1
python3 MAIN_no_enso.py 2.456180417490258 2.1022663572050218 2.8605079386199446 3.4572586671417502 3.5943094240651083 0.2 1.0 1.0 0.2 0.3 0.5 0.15 1.0 0.2 0.15 1.0 0.4 2187.3140880230703 225.54462667462377 3449.5987003144064 159.25877172228925 133.05936444954037 0 2
python3 MAIN_no_enso.py 2.2014144750799836 3.962997082573804 2.064191130959627 3.9353505908522157 5.720359174214021 0.2 1.0 1.0 0.2 0.3 0.5 0.15 1.0 0.2 0.15 1.0 0.4 9976.251525808684 177.8880269881637 2652.6253688021206 186.5083326460906 100.63397544271128 0 3
python3 MAIN_no_enso.py 0.8982859039929294 6.3844702824833455 1.4243910324139455 5.276310242927883 3.850964036967464 0.2 1.0 1.0 0.2 0.3 0.5 0.15 1.0 0.2 0.15 1.0 0.4 13831.153289622827 203.33738817341768 11420.688094633388 169.49249905488887 165.71740201490275 0 4
python3 MAIN_no_enso.py 1.073881153317173 5.245830749179379 1.8368153978518347 5.101337332661436 3.2005874677161756 0.2 1.0 1.0 0.2 0.3 0.5 0.15 1.0 0.2 0.15 1.0 0.4 6665.547515236615 49.098399098934124 12800.965120757419 77.25723255987434 59.139420413832035 0 5
python3 MAIN_no_enso.py 1.556056291655666 4.380051365098039 1.6712872713881608 3.1374830965830593 5.5182093624062345 0.2 1.0 1.0 0.2 0.3 0.5 0.15 1.0 0.2 0.15 1.0 0.4 4340.906402516488 82.78210269385637 1472.0498879032568 95.92455167028957 74.80396996228303 0 6
python3 MAIN_no_enso.py 2.91929589009895 2.003897912329612 1.1259948562703261 5.876521247072342 4.107451257072678 0.2 1.0 1.0 0.2 0.3 0.5 0.15 1.0 0.2 0.15 1.0 0.4 13258.343331358277 127.10711999106995 10459.231886101234 124.77816856409682 184.40310099847207 0 7
python3 MAIN_no_enso.py 1.3174385900221228 3.10237233696232 2.226516150053465 4.647180990011262 5.160997967310166 0.2 1.0 1.0 0.2 0.3 0.5 0.15 1.0 0.2 0.15 1.0 0.4 6255.377516425884 261.35856156515445 5904.2555391945025 59.16082236418685 94.11341946140729 0 8
python3 MAIN_no_enso.py 2.6502444469814184 7.36619030759344 2.5981087847627746 2.0891595562328567 4.8272474827828695 0.2 1.0 1.0 0.2 0.3 0.5 0.15 1.0 0.2 0.15 1.0 0.4 9269.859834031613 32.9787307424793 5190.783696451834 36.41579369481944 112.9156686390775 0 9
python3 MAIN_no_enso.py 1.8892648987671623 7.215622667171301 1.203018443674136 2.592520263666393 4.701143220954325 0.2 1.0 1.0 0.2 0.3 0.5 0.15 1.0 0.2 0.15 1.0 0.4 11581.690653938325 285.5526881818845 7781.022168058804 82.78513007780778 140.3348059306411 0 10
python3 MAIN_no_enso.py 1.9670734205762415 5.692131851824371 2.621380265809922 4.058269716824933 4.32301854981791 0.2 1.0 1.0 0.2 0.3 0.5 0.15 1.0 0.2 0.15 1.0 0.4 3094.8571825269296 133.08999251175658 9228.275243017202 142.8752131806982 197.04736223785045 50 1
python3 MAIN_no_enso.py 2.456180417490258 2.1022663572050218 2.8605079386199446 3.4572586671417502 3.5943094240651083 0.2 1.0 1.0 0.2 0.3 0.5 0.15 1.0 0.2 0.15 1.0 0.4 2187.3140880230703 225.54462667462377 3449.5987003144064 159.25877172228925 133.05936444954037 50 2
python3 MAIN_no_enso.py 2.2014144750799836 3.962997082573804 2.064191130959627 3.9353505908522157 5.720359174214021 0.2 1.0 1.0 0.2 0.3 0.5 0.15 1.0 0.2 0.15 1.0 0.4 9976.251525808684 177.8880269881637 2652.6253688021206 186.5083326460906 100.63397544271128 50 3
python3 MAIN_no_enso.py 0.8982859039929294 6.3844702824833455 1.4243910324139455 5.276310242927883 3.850964036967464 0.2 1.0 1.0 0.2 0.3 0.5 0.15 1.0 0.2 0.15 1.0 0.4 13831.153289622827 203.33738817341768 11420.688094633388 169.49249905488887 165.71740201490275 50 4
python3 MAIN_no_enso.py 1.073881153317173 5.245830749179379 1.8368153978518347 5.101337332661436 3.2005874677161756 0.2 1.0 1.0 0.2 0.3 0.5 0.15 1.0 0.2 0.15 1.0 0.4 6665.547515236615 49.098399098934124 12800.965120757419 77.25723255987434 59.139420413832035 50 5
python3 MAIN_no_enso.py 1.556056291655666 4.380051365098039 1.6712872713881608 3.1374830965830593 5.5182093624062345 0.2 1.0 1.0 0.2 0.3 0.5 0.15 1.0 0.2 0.15 1.0 0.4 4340.906402516488 82.78210269385637 1472.0498879032568 95.92455167028957 74.80396996228303 50 6
python3 MAIN_no_enso.py 2.91929589009895 2.003897912329612 1.1259948562703261 5.876521247072342 4.107451257072678 0.2 1.0 1.0 0.2 0.3 0.5 0.15 1.0 0.2 0.15 1.0 0.4 13258.343331358277 127.10711999106995 10459.231886101234 124.77816856409682 184.40310099847207 50 7
python3 MAIN_no_enso.py 1.3174385900221228 3.10237233696232 2.226516150053465 4.647180990011262 5.160997967310166 0.2 1.0 1.0 0.2 0.3 0.5 0.15 1.0 0.2 0.15 1.0 0.4 6255.377516425884 261.35856156515445 5904.2555391945025 59.16082236418685 94.11341946140729 50 8
python3 MAIN_no_enso.py 2.6502444469814184 7.36619030759344 2.5981087847627746 2.0891595562328567 4.8272474827828695 0.2 1.0 1.0 0.2 0.3 0.5 0.15 1.0 0.2 0.15 1.0 0.4 9269.859834031613 32.9787307424793 5190.783696451834 36.41579369481944 112.9156686390775 50 9
python3 MAIN_no_enso.py 1.8892648987671623 7.215622667171301 1.203018443674136 2.592520263666393 4.701143220954325 0.2 1.0 1.0 0.2 0.3 0.5 0.15 1.0 0.2 0.15 1.0 0.4 11581.690653938325 285.5526881818845 7781.022168058804 82.78513007780778 140.3348059306411 50 10
python3 MAIN_no_enso.py 1.9670734205762415 5.692131851824371 2.621380265809922 4.058269716824933 4.32301854981791 0.2 1.0 1.0 0.2 0.3 0.5 0.15 1.0 0.2 0.15 1.0 0.4 3094.8571825269296 133.08999251175658 9228.275243017202 142.8752131806982 197.04736223785045 100 1
python3 MAIN_no_enso.py 2.456180417490258 2.1022663572050218 2.8605079386199446 3.4572586671417502 3.5943094240651083 0.2 1.0 1.0 0.2 0.3 0.5 0.15 1.0 0.2 0.15 1.0 0.4 2187.3140880230703 225.54462667462377 3449.5987003144064 159.25877172228925 133.05936444954037 100 2
python3 MAIN_no_enso.py 2.2014144750799836 3.962997082573804 2.064191130959627 3.9353505908522157 5.720359174214021 0.2 1.0 1.0 0.2 0.3 0.5 0.15 1.0 0.2 0.15 1.0 0.4 9976.251525808684 177.8880269881637 2652.6253688021206 186.5083326460906 100.63397544271128 100 3
python3 MAIN_no_enso.py 0.8982859039929294 6.3844702824833455 1.4243910324139455 5.276310242927883 3.850964036967464 0.2 1.0 1.0 0.2 0.3 0.5 0.15 1.0 0.2 0.15 1.0 0.4 13831.153289622827 203.33738817341768 11420.688094633388 169.49249905488887 165.71740201490275 100 4
python3 MAIN_no_enso.py 1.073881153317173 5.245830749179379 1.8368153978518347 5.101337332661436 3.2005874677161756 0.2 1.0 1.0 0.2 0.3 0.5 0.15 1.0 0.2 0.15 1.0 0.4 6665.547515236615 49.098399098934124 12800.965120757419 77.25723255987434 59.139420413832035 100 5
python3 MAIN_no_enso.py 1.556056291655666 4.380051365098039 1.6712872713881608 3.1374830965830593 5.5182093624062345 0.2 1.0 1.0 0.2 0.3 0.5 0.15 1.0 0.2 0.15 1.0 0.4 4340.906402516488 82.78210269385637 1472.0498879032568 95.92455167028957 74.80396996228303 100 6
python3 MAIN_no_enso.py 2.91929589009895 2.003897912329612 1.1259948562703261 5.876521247072342 4.107451257072678 0.2 1.0 1.0 0.2 0.3 0.5 0.15 1.0 0.2 0.15 1.0 0.4 13258.343331358277 127.10711999106995 10459.231886101234 124.77816856409682 184.40310099847207 100 7
python3 MAIN_no_enso.py 1.3174385900221228 3.10237233696232 2.226516150053465 4.647180990011262 5.160997967310166 0.2 1.0 1.0 0.2 0.3 0.5 0.15 1.0 0.2 0.15 1.0 0.4 6255.377516425884 261.35856156515445 5904.2555391945025 59.16082236418685 94.11341946140729 100 8
python3 MAIN_no_enso.py 2.6502444469814184 7.36619030759344 2.5981087847627746 2.0891595562328567 4.8272474827828695 0.2 1.0 1.0 0.2 0.3 0.5 0.15 1.0 0.2 0.15 1.0 0.4 9269.859834031613 32.9787307424793 5190.783696451834 36.41579369481944 112.9156686390775 100 9
python3 MAIN_no_enso.py 1.8892648987671623 7.215622667171301 1.203018443674136 2.592520263666393 4.701143220954325 0.2 1.0 1.0 0.2 0.3 0.5 0.15 1.0 0.2 0.15 1.0 0.4 11581.690653938325 285.5526881818845 7781.022168058804 82.78513007780778 140.3348059306411 100 10
python3 MAIN_no_enso.py 1.9670734205762415 5.692131851824371 2.621380265809922 4.058269716824933 4.32301854981791 0.2 1.0 1.0 0.2 0.3 0.5 0.15 1.0 0.2 0.15 1.0 0.4 3094.8571825269296 133.08999251175658 9228.275243017202 142.8752131806982 197.04736223785045 150 1
python3 MAIN_no_enso.py 2.456180417490258 2.1022663572050218 2.8605079386199446 3.4572586671417502 3.5943094240651083 0.2 1.0 1.0 0.2 0.3 0.5 0.15 1.0 0.2 0.15 1.0 0.4 2187.3140880230703 225.54462667462377 3449.5987003144064 159.25877172228925 133.05936444954037 150 2
python3 MAIN_no_enso.py 2.2014144750799836 3.962997082573804 2.064191130959627 3.9353505908522157 5.720359174214021 0.2 1.0 1.0 0.2 0.3 0.5 0.15 1.0 0.2 0.15 1.0 0.4 9976.251525808684 177.8880269881637 2652.6253688021206 186.5083326460906 100.63397544271128 150 3
python3 MAIN_no_enso.py 0.8982859039929294 6.3844702824833455 1.4243910324139455 5.276310242927883 3.850964036967464 0.2 1.0 1.0 0.2 0.3 0.5 0.15 1.0 0.2 0.15 1.0 0.4 13831.153289622827 203.33738817341768 11420.688094633388 169.49249905488887 165.71740201490275 150 4
python3 MAIN_no_enso.py 1.073881153317173 5.245830749179379 1.8368153978518347 5.101337332661436 3.2005874677161756 0.2 1.0 1.0 0.2 0.3 0.5 0.15 1.0 0.2 0.15 1.0 0.4 6665.547515236615 49.098399098934124 12800.965120757419 77.25723255987434 59.139420413832035 150 5
python3 MAIN_no_enso.py 1.556056291655666 4.380051365098039 1.6712872713881608 3.1374830965830593 5.5182093624062345 0.2 1.0 1.0 0.2 0.3 0.5 0.15 1.0 0.2 0.15 1.0 0.4 4340.906402516488 82.78210269385637 1472.0498879032568 95.92455167028957 74.80396996228303 150 6
python3 MAIN_no_enso.py 2.91929589009895 2.003897912329612 1.1259948562703261 5.876521247072342 4.107451257072678 0.2 1.0 1.0 0.2 0.3 0.5 0.15 1.0 0.2 0.15 1.0 0.4 13258.343331358277 127.10711999106995 10459.231886101234 124.77816856409682 184.40310099847207 150 7
python3 MAIN_no_enso.py 1.3174385900221228 3.10237233696232 2.226516150053465 4.647180990011262 5.160997967310166 0.2 1.0 1.0 0.2 0.3 0.5 0.15 1.0 0.2 0.15 1.0 0.4 6255.377516425884 261.35856156515445 5904.2555391945025 59.16082236418685 94.11341946140729 150 8
python3 MAIN_no_enso.py 2.6502444469814184 7.36619030759344 2.5981087847627746 2.0891595562328567 4.8272474827828695 0.2 1.0 1.0 0.2 0.3 0.5 0.15 1.0 0.2 0.15 1.0 0.4 9269.859834031613 32.9787307424793 5190.783696451834 36.41579369481944 112.9156686390775 150 9
python3 MAIN_no_enso.py 1.8892648987671623 7.215622667171301 1.203018443674136 2.592520263666393 4.701143220954325 0.2 1.0 1.0 0.2 0.3 0.5 0.15 1.0 0.2 0.15 1.0 0.4 11581.690653938325 285.5526881818845 7781.022168058804 82.78513007780778 140.3348059306411 150 10
python3 MAIN_no_enso.py 1.9670734205762415 5.692131851824371 2.621380265809922 4.058269716824933 4.32301854981791 0.2 1.0 1.0 0.2 0.3 0.5 0.15 1.0 0.2 0.15 1.0 0.4 3094.8571825269296 133.08999251175658 9228.275243017202 142.8752131806982 197.04736223785045 200 1
python3 MAIN_no_enso.py 2.456180417490258 2.1022663572050218 2.8605079386199446 3.4572586671417502 3.5943094240651083 0.2 1.0 1.0 0.2 0.3 0.5 0.15 1.0 0.2 0.15 1.0 0.4 2187.3140880230703 225.54462667462377 3449.5987003144064 159.25877172228925 133.05936444954037 200 2
python3 MAIN_no_enso.py 2.2014144750799836 3.962997082573804 2.064191130959627 3.9353505908522157 5.720359174214021 0.2 1.0 1.0 0.2 0.3 0.5 0.15 1.0 0.2 0.15 1.0 0.4 9976.251525808684 177.8880269881637 2652.6253688021206 186.5083326460906 100.63397544271128 200 3
python3 MAIN_no_enso.py 0.8982859039929294 6.3844702824833455 1.4243910324139455 5.276310242927883 3.850964036967464 0.2 1.0 1.0 0.2 0.3 0.5 0.15 1.0 0.2 0.15 1.0 0.4 13831.153289622827 203.33738817341768 11420.688094633388 169.49249905488887 165.71740201490275 200 4
python3 MAIN_no_enso.py 1.073881153317173 5.245830749179379 1.8368153978518347 5.101337332661436 3.2005874677161756 0.2 1.0 1.0 0.2 0.3 0.5 0.15 1.0 0.2 0.15 1.0 0.4 6665.547515236615 49.098399098934124 12800.965120757419 77.25723255987434 59.139420413832035 200 5
python3 MAIN_no_enso.py 1.556056291655666 4.380051365098039 1.6712872713881608 3.1374830965830593 5.5182093624062345 0.2 1.0 1.0 0.2 0.3 0.5 0.15 1.0 0.2 0.15 1.0 0.4 4340.906402516488 82.78210269385637 1472.0498879032568 95.92455167028957 74.80396996228303 200 6
python3 MAIN_no_enso.py 2.91929589009895 2.003897912329612 1.1259948562703261 5.876521247072342 4.107451257072678 0.2 1.0 1.0 0.2 0.3 0.5 0.15 1.0 0.2 0.15 1.0 0.4 13258.343331358277 127.10711999106995 10459.231886101234 124.77816856409682 184.40310099847207 200 7
python3 MAIN_no_enso.py 1.3174385900221228 3.10237233696232 2.226516150053465 4.647180990011262 5.160997967310166 0.2 1.0 1.0 0.2 0.3 0.5 0.15 1.0 0.2 0.15 1.0 0.4 6255.377516425884 261.35856156515445 5904.2555391945025 59.16082236418685 94.11341946140729 200 8
python3 MAIN_no_enso.py 2.6502444469814184 7.36619030759344 2.5981087847627746 2.0891595562328567 4.8272474827828695 0.2 1.0 1.0 0.2 0.3 0.5 0.15 1.0 0.2 0.15 1.0 0.4 9269.859834031613 32.9787307424793 5190.783696451834 36.41579369481944 112.9156686390775 200 9
python3 MAIN_no_enso.py 1.8892648987671623 7.215622667171301 1.203018443674136 2.592520263666393 4.701143220954325 0.2 1.0 1.0 0.2 0.3 0.5 0.15 1.0 0.2 0.15 1.0 0.4 11581.690653938325 285.5526881818845 7781.022168058804 82.78513007780778 140.3348059306411 200 10
python3 MAIN_no_enso.py 1.9670734205762415 5.692131851824371 2.621380265809922 4.058269716824933 4.32301854981791 0.2 1.0 1.0 0.2 0.3 0.5 0.15 1.0 0.2 0.15 1.0 0.4 3094.8571825269296 133.08999251175658 9228.275243017202 142.8752131806982 197.04736223785045 250 1
python3 MAIN_no_enso.py 2.456180417490258 2.1022663572050218 2.8605079386199446 3.4572586671417502 3.5943094240651083 0.2 1.0 1.0 0.2 0.3 0.5 0.15 1.0 0.2 0.15 1.0 0.4 2187.3140880230703 225.54462667462377 3449.5987003144064 159.25877172228925 133.05936444954037 250 2
python3 MAIN_no_enso.py 2.2014144750799836 3.962997082573804 2.064191130959627 3.9353505908522157 5.720359174214021 0.2 1.0 1.0 0.2 0.3 0.5 0.15 1.0 0.2 0.15 1.0 0.4 9976.251525808684 177.8880269881637 2652.6253688021206 186.5083326460906 100.63397544271128 250 3
python3 MAIN_no_enso.py 0.8982859039929294 6.3844702824833455 1.4243910324139455 5.276310242927883 3.850964036967464 0.2 1.0 1.0 0.2 0.3 0.5 0.15 1.0 0.2 0.15 1.0 0.4 13831.153289622827 203.33738817341768 11420.688094633388 169.49249905488887 165.71740201490275 250 4
python3 MAIN_no_enso.py 1.073881153317173 5.245830749179379 1.8368153978518347 5.101337332661436 3.2005874677161756 0.2 1.0 1.0 0.2 0.3 0.5 0.15 1.0 0.2 0.15 1.0 0.4 6665.547515236615 49.098399098934124 12800.965120757419 77.25723255987434 59.139420413832035 250 5
python3 MAIN_no_enso.py 1.556056291655666 4.380051365098039 1.6712872713881608 3.1374830965830593 5.5182093624062345 0.2 1.0 1.0 0.2 0.3 0.5 0.15 1.0 0.2 0.15 1.0 0.4 4340.906402516488 82.78210269385637 1472.0498879032568 95.92455167028957 74.80396996228303 250 6
python3 MAIN_no_enso.py 2.91929589009895 2.003897912329612 1.1259948562703261 5.876521247072342 4.107451257072678 0.2 1.0 1.0 0.2 0.3 0.5 0.15 1.0 0.2 0.15 1.0 0.4 13258.343331358277 127.10711999106995 10459.231886101234 124.77816856409682 184.40310099847207 250 7
python3 MAIN_no_enso.py 1.3174385900221228 3.10237233696232 2.226516150053465 4.647180990011262 5.160997967310166 0.2 1.0 1.0 0.2 0.3 0.5 0.15 1.0 0.2 0.15 1.0 0.4 6255.377516425884 261.35856156515445 5904.2555391945025 59.16082236418685 94.11341946140729 250 8
python3 MAIN_no_enso.py 2.6502444469814184 7.36619030759344 2.5981087847627746 2.0891595562328567 4.8272474827828695 0.2 1.0 1.0 0.2 0.3 0.5 0.15 1.0 0.2 0.15 1.0 0.4 9269.859834031613 32.9787307424793 5190.783696451834 36.41579369481944 112.9156686390775 250 9
python3 MAIN_no_enso.py 1.8892648987671623 7.215622667171301 1.203018443674136 2.592520263666393 4.701143220954325 0.2 1.0 1.0 0.2 0.3 0.5 0.15 1.0 0.2 0.15 1.0 0.4 11581.690653938325 285.5526881818845 7781.022168058804 82.78513007780778 140.3348059306411 250 10
python3 MAIN_no_enso.py 1.9670734205762415 5.692131851824371 2.621380265809922 4.058269716824933 4.32301854981791 0.2 1.0 1.0 0.2 0.3 0.5 0.15 1.0 0.2 0.15 1.0 0.4 3094.8571825269296 133.08999251175658 9228.275243017202 142.8752131806982 197.04736223785045 300 1
python3 MAIN_no_enso.py 2.456180417490258 2.1022663572050218 2.8605079386199446 3.4572586671417502 3.5943094240651083 0.2 1.0 1.0 0.2 0.3 0.5 0.15 1.0 0.2 0.15 1.0 0.4 2187.3140880230703 225.54462667462377 3449.5987003144064 159.25877172228925 133.05936444954037 300 2
python3 MAIN_no_enso.py 2.2014144750799836 3.962997082573804 2.064191130959627 3.9353505908522157 5.720359174214021 0.2 1.0 1.0 0.2 0.3 0.5 0.15 1.0 0.2 0.15 1.0 0.4 9976.251525808684 177.8880269881637 2652.6253688021206 186.5083326460906 100.63397544271128 300 3
python3 MAIN_no_enso.py 0.8982859039929294 6.3844702824833455 1.4243910324139455 5.276310242927883 3.850964036967464 0.2 1.0 1.0 0.2 0.3 0.5 0.15 1.0 0.2 0.15 1.0 0.4 13831.153289622827 203.33738817341768 11420.688094633388 169.49249905488887 165.71740201490275 300 4
python3 MAIN_no_enso.py 1.073881153317173 5.245830749179379 1.8368153978518347 5.101337332661436 3.2005874677161756 0.2 1.0 1.0 0.2 0.3 0.5 0.15 1.0 0.2 0.15 1.0 0.4 6665.547515236615 49.098399098934124 12800.965120757419 77.25723255987434 59.139420413832035 300 5
python3 MAIN_no_enso.py 1.556056291655666 4.380051365098039 1.6712872713881608 3.1374830965830593 5.5182093624062345 0.2 1.0 1.0 0.2 0.3 0.5 0.15 1.0 0.2 0.15 1.0 0.4 4340.906402516488 82.78210269385637 1472.0498879032568 95.92455167028957 74.80396996228303 300 6
python3 MAIN_no_enso.py 2.91929589009895 2.003897912329612 1.1259948562703261 5.876521247072342 4.107451257072678 0.2 1.0 1.0 0.2 0.3 0.5 0.15 1.0 0.2 0.15 1.0 0.4 13258.343331358277 127.10711999106995 10459.231886101234 124.77816856409682 184.40310099847207 300 7
python3 MAIN_no_enso.py 1.3174385900221228 3.10237233696232 2.226516150053465 4.647180990011262 5.160997967310166 0.2 1.0 1.0 0.2 0.3 0.5 0.15 1.0 0.2 0.15 1.0 0.4 6255.377516425884 261.35856156515445 5904.2555391945025 59.16082236418685 94.11341946140729 300 8
python3 MAIN_no_enso.py 2.6502444469814184 7.36619030759344 2.5981087847627746 2.0891595562328567 4.8272474827828695 0.2 1.0 1.0 0.2 0.3 0.5 0.15 1.0 0.2 0.15 1.0 0.4 9269.859834031613 32.9787307424793 5190.783696451834 36.41579369481944 112.9156686390775 300 9
python3 MAIN_no_enso.py 1.8892648987671623 7.215622667171301 1.203018443674136 2.592520263666393 4.701143220954325 0.2 1.0 1.0 0.2 0.3 0.5 0.15 1.0 0.2 0.15 1.0 0.4 11581.690653938325 285.5526881818845 7781.022168058804 82.78513007780778 140.3348059306411 300 10
python3 MAIN_no_enso.py 1.9670734205762415 5.692131851824371 2.621380265809922 4.058269716824933 4.32301854981791 0.2 1.0 1.0 0.2 0.3 0.5 0.15 1.0 0.2 0.15 1.0 0.4 3094.8571825269296 133.08999251175658 9228.275243017202 142.8752131806982 197.04736223785045 350 1
python3 MAIN_no_enso.py 2.456180417490258 2.1022663572050218 2.8605079386199446 3.4572586671417502 3.5943094240651083 0.2 1.0 1.0 0.2 0.3 0.5 0.15 1.0 0.2 0.15 1.0 0.4 2187.3140880230703 225.54462667462377 3449.5987003144064 159.25877172228925 133.05936444954037 350 2
python3 MAIN_no_enso.py 2.2014144750799836 3.962997082573804 2.064191130959627 3.9353505908522157 5.720359174214021 0.2 1.0 1.0 0.2 0.3 0.5 0.15 1.0 0.2 0.15 1.0 0.4 9976.251525808684 177.8880269881637 2652.6253688021206 186.5083326460906 100.63397544271128 350 3
python3 MAIN_no_enso.py 0.8982859039929294 6.3844702824833455 1.4243910324139455 5.276310242927883 3.850964036967464 0.2 1.0 1.0 0.2 0.3 0.5 0.15 1.0 0.2 0.15 1.0 0.4 13831.153289622827 203.33738817341768 11420.688094633388 169.49249905488887 165.71740201490275 350 4
python3 MAIN_no_enso.py 1.073881153317173 5.245830749179379 1.8368153978518347 5.101337332661436 3.2005874677161756 0.2 1.0 1.0 0.2 0.3 0.5 0.15 1.0 0.2 0.15 1.0 0.4 6665.547515236615 49.098399098934124 12800.965120757419 77.25723255987434 59.139420413832035 350 5
python3 MAIN_no_enso.py 1.556056291655666 4.380051365098039 1.6712872713881608 3.1374830965830593 5.5182093624062345 0.2 1.0 1.0 0.2 0.3 0.5 0.15 1.0 0.2 0.15 1.0 0.4 4340.906402516488 82.78210269385637 1472.0498879032568 95.92455167028957 74.80396996228303 350 6
python3 MAIN_no_enso.py 2.91929589009895 2.003897912329612 1.1259948562703261 5.876521247072342 4.107451257072678 0.2 1.0 1.0 0.2 0.3 0.5 0.15 1.0 0.2 0.15 1.0 0.4 13258.343331358277 127.10711999106995 10459.231886101234 124.77816856409682 184.40310099847207 350 7
python3 MAIN_no_enso.py 1.3174385900221228 3.10237233696232 2.226516150053465 4.647180990011262 5.160997967310166 0.2 1.0 1.0 0.2 0.3 0.5 0.15 1.0 0.2 0.15 1.0 0.4 6255.377516425884 261.35856156515445 5904.2555391945025 59.16082236418685 94.11341946140729 350 8
python3 MAIN_no_enso.py 2.6502444469814184 7.36619030759344 2.5981087847627746 2.0891595562328567 4.8272474827828695 0.2 1.0 1.0 0.2 0.3 0.5 0.15 1.0 0.2 0.15 1.0 0.4 9269.859834031613 32.9787307424793 5190.783696451834 36.41579369481944 112.9156686390775 350 9
python3 MAIN_no_enso.py 1.8892648987671623 7.215622667171301 1.203018443674136 2.592520263666393 4.701143220954325 0.2 1.0 1.0 0.2 0.3 0.5 0.15 1.0 0.2 0.15 1.0 0.4 11581.690653938325 285.5526881818845 7781.022168058804 82.78513007780778 140.3348059306411 350 10
python3 MAIN_no_enso.py 1.9670734205762415 5.692131851824371 2.621380265809922 4.058269716824933 4.32301854981791 0.2 1.0 1.0 0.2 0.3 0.5 0.15 1.0 0.2 0.15 1.0 0.4 3094.8571825269296 133.08999251175658 9228.275243017202 142.8752131806982 197.04736223785045 400 1
python3 MAIN_no_enso.py 2.456180417490258 2.1022663572050218 2.8605079386199446 3.4572586671417502 3.5943094240651083 0.2 1.0 1.0 0.2 0.3 0.5 0.15 1.0 0.2 0.15 1.0 0.4 2187.3140880230703 225.54462667462377 3449.5987003144064 159.25877172228925 133.05936444954037 400 2
python3 MAIN_no_enso.py 2.2014144750799836 3.962997082573804 2.064191130959627 3.9353505908522157 5.720359174214021 0.2 1.0 1.0 0.2 0.3 0.5 0.15 1.0 0.2 0.15 1.0 0.4 9976.251525808684 177.8880269881637 2652.6253688021206 186.5083326460906 100.63397544271128 400 3
python3 MAIN_no_enso.py 0.8982859039929294 6.3844702824833455 1.4243910324139455 5.276310242927883 3.850964036967464 0.2 1.0 1.0 0.2 0.3 0.5 0.15 1.0 0.2 0.15 1.0 0.4 13831.153289622827 203.33738817341768 11420.688094633388 169.49249905488887 165.71740201490275 400 4
python3 MAIN_no_enso.py 1.073881153317173 5.245830749179379 1.8368153978518347 5.101337332661436 3.2005874677161756 0.2 1.0 1.0 0.2 0.3 0.5 0.15 1.0 0.2 0.15 1.0 0.4 6665.547515236615 49.098399098934124 12800.965120757419 77.25723255987434 59.139420413832035 400 5
python3 MAIN_no_enso.py 1.556056291655666 4.380051365098039 1.6712872713881608 3.1374830965830593 5.5182093624062345 0.2 1.0 1.0 0.2 0.3 0.5 0.15 1.0 0.2 0.15 1.0 0.4 4340.906402516488 82.78210269385637 1472.0498879032568 95.92455167028957 74.80396996228303 400 6
python3 MAIN_no_enso.py 2.91929589009895 2.003897912329612 1.1259948562703261 5.876521247072342 4.107451257072678 0.2 1.0 1.0 0.2 0.3 0.5 0.15 1.0 0.2 0.15 1.0 0.4 13258.343331358277 127.10711999106995 10459.231886101234 124.77816856409682 184.40310099847207 400 7
python3 MAIN_no_enso.py 1.3174385900221228 3.10237233696232 2.226516150053465 4.647180990011262 5.160997967310166 0.2 1.0 1.0 0.2 0.3 0.5 0.15 1.0 0.2 0.15 1.0 0.4 6255.377516425884 261.35856156515445 5904.2555391945025 59.16082236418685 94.11341946140729 400 8
python3 MAIN_no_enso.py 2.6502444469814184 7.36619030759344 2.5981087847627746 2.0891595562328567 4.8272474827828695 0.2 1.0 1.0 0.2 0.3 0.5 0.15 1.0 0.2 0.15 1.0 0.4 9269.859834031613 32.9787307424793 5190.783696451834 36.41579369481944 112.9156686390775 400 9
python3 MAIN_no_enso.py 1.8892648987671623 7.215622667171301 1.203018443674136 2.592520263666393 4.701143220954325 0.2 1.0 1.0 0.2 0.3 0.5 0.15 1.0 0.2 0.15 1.0 0.4 11581.690653938325 285.5526881818845 7781.022168058804 82.78513007780778 140.3348059306411 400 10
python3 MAIN_no_enso.py 1.9670734205762415 5.692131851824371 2.621380265809922 4.058269716824933 4.32301854981791 0.2 1.0 1.0 0.2 0.3 0.5 0.15 1.0 0.2 0.15 1.0 0.4 3094.8571825269296 133.08999251175658 9228.275243017202 142.8752131806982 197.04736223785045 450 1
python3 MAIN_no_enso.py 2.456180417490258 2.1022663572050218 2.8605079386199446 3.4572586671417502 3.5943094240651083 0.2 1.0 1.0 0.2 0.3 0.5 0.15 1.0 0.2 0.15 1.0 0.4 2187.3140880230703 225.54462667462377 3449.5987003144064 159.25877172228925 133.05936444954037 450 2
python3 MAIN_no_enso.py 2.2014144750799836 3.962997082573804 2.064191130959627 3.9353505908522157 5.720359174214021 0.2 1.0 1.0 0.2 0.3 0.5 0.15 1.0 0.2 0.15 1.0 0.4 9976.251525808684 177.8880269881637 2652.6253688021206 186.5083326460906 100.63397544271128 450 3
python3 MAIN_no_enso.py 0.8982859039929294 6.3844702824833455 1.4243910324139455 5.276310242927883 3.850964036967464 0.2 1.0 1.0 0.2 0.3 0.5 0.15 1.0 0.2 0.15 1.0 0.4 13831.153289622827 203.33738817341768 11420.688094633388 169.49249905488887 165.71740201490275 450 4
python3 MAIN_no_enso.py 1.073881153317173 5.245830749179379 1.8368153978518347 5.101337332661436 3.2005874677161756 0.2 1.0 1.0 0.2 0.3 0.5 0.15 1.0 0.2 0.15 1.0 0.4 6665.547515236615 49.098399098934124 12800.965120757419 77.25723255987434 59.139420413832035 450 5
python3 MAIN_no_enso.py 1.556056291655666 4.380051365098039 1.6712872713881608 3.1374830965830593 5.5182093624062345 0.2 1.0 1.0 0.2 0.3 0.5 0.15 1.0 0.2 0.15 1.0 0.4 4340.906402516488 82.78210269385637 1472.0498879032568 95.92455167028957 74.80396996228303 450 6
python3 MAIN_no_enso.py 2.91929589009895 2.003897912329612 1.1259948562703261 5.876521247072342 4.107451257072678 0.2 1.0 1.0 0.2 0.3 0.5 0.15 1.0 0.2 0.15 1.0 0.4 13258.343331358277 127.10711999106995 10459.231886101234 124.77816856409682 184.40310099847207 450 7
python3 MAIN_no_enso.py 1.3174385900221228 3.10237233696232 2.226516150053465 4.647180990011262 5.160997967310166 0.2 1.0 1.0 0.2 0.3 0.5 0.15 1.0 0.2 0.15 1.0 0.4 6255.377516425884 261.35856156515445 5904.2555391945025 59.16082236418685 94.11341946140729 450 8
python3 MAIN_no_enso.py 2.6502444469814184 7.36619030759344 2.5981087847627746 2.0891595562328567 4.8272474827828695 0.2 1.0 1.0 0.2 0.3 0.5 0.15 1.0 0.2 0.15 1.0 0.4 9269.859834031613 32.9787307424793 5190.783696451834 36.41579369481944 112.9156686390775 450 9
python3 MAIN_no_enso.py 1.8892648987671623 7.215622667171301 1.203018443674136 2.592520263666393 4.701143220954325 0.2 1.0 1.0 0.2 0.3 0.5 0.15 1.0 0.2 0.15 1.0 0.4 11581.690653938325 285.5526881818845 7781.022168058804 82.78513007780778 140.3348059306411 450 10
python3 MAIN_no_enso.py 1.9670734205762415 5.692131851824371 2.621380265809922 4.058269716824933 4.32301854981791 0.2 1.0 1.0 0.2 0.3 0.5 0.15 1.0 0.2 0.15 1.0 0.4 3094.8571825269296 133.08999251175658 9228.275243017202 142.8752131806982 197.04736223785045 500 1
python3 MAIN_no_enso.py 2.456180417490258 2.1022663572050218 2.8605079386199446 3.4572586671417502 3.5943094240651083 0.2 1.0 1.0 0.2 0.3 0.5 0.15 1.0 0.2 0.15 1.0 0.4 2187.3140880230703 225.54462667462377 3449.5987003144064 159.25877172228925 133.05936444954037 500 2
python3 MAIN_no_enso.py 2.2014144750799836 3.962997082573804 2.064191130959627 3.9353505908522157 5.720359174214021 0.2 1.0 1.0 0.2 0.3 0.5 0.15 1.0 0.2 0.15 1.0 0.4 9976.251525808684 177.8880269881637 2652.6253688021206 186.5083326460906 100.63397544271128 500 3
python3 MAIN_no_enso.py 0.8982859039929294 6.3844702824833455 1.4243910324139455 5.276310242927883 3.850964036967464 0.2 1.0 1.0 0.2 0.3 0.5 0.15 1.0 0.2 0.15 1.0 0.4 13831.153289622827 203.33738817341768 11420.688094633388 169.49249905488887 165.71740201490275 500 4
python3 MAIN_no_enso.py 1.073881153317173 5.245830749179379 1.8368153978518347 5.101337332661436 3.2005874677161756 0.2 1.0 1.0 0.2 0.3 0.5 0.15 1.0 0.2 0.15 1.0 0.4 6665.547515236615 49.098399098934124 12800.965120757419 77.25723255987434 59.139420413832035 500 5
python3 MAIN_no_enso.py 1.556056291655666 4.380051365098039 1.6712872713881608 3.1374830965830593 5.5182093624062345 0.2 1.0 1.0 0.2 0.3 0.5 0.15 1.0 0.2 0.15 1.0 0.4 4340.906402516488 82.78210269385637 1472.0498879032568 95.92455167028957 74.80396996228303 500 6
python3 MAIN_no_enso.py 2.91929589009895 2.003897912329612 1.1259948562703261 5.876521247072342 4.107451257072678 0.2 1.0 1.0 0.2 0.3 0.5 0.15 1.0 0.2 0.15 1.0 0.4 13258.343331358277 127.10711999106995 10459.231886101234 124.77816856409682 184.40310099847207 500 7
python3 MAIN_no_enso.py 1.3174385900221228 3.10237233696232 2.226516150053465 4.647180990011262 5.160997967310166 0.2 1.0 1.0 0.2 0.3 0.5 0.15 1.0 0.2 0.15 1.0 0.4 6255.377516425884 261.35856156515445 5904.2555391945025 59.16082236418685 94.11341946140729 500 8
python3 MAIN_no_enso.py 2.6502444469814184 7.36619030759344 2.5981087847627746 2.0891595562328567 4.8272474827828695 0.2 1.0 1.0 0.2 0.3 0.5 0.15 1.0 0.2 0.15 1.0 0.4 9269.859834031613 32.9787307424793 5190.783696451834 36.41579369481944 112.9156686390775 500 9
python3 MAIN_no_enso.py 1.8892648987671623 7.215622667171301 1.203018443674136 2.592520263666393 4.701143220954325 0.2 1.0 1.0 0.2 0.3 0.5 0.15 1.0 0.2 0.15 1.0 0.4 11581.690653938325 285.5526881818845 7781.022168058804 82.78513007780778 140.3348059306411 500 10
python3 MAIN_no_enso.py 1.9670734205762415 5.692131851824371 2.621380265809922 4.058269716824933 4.32301854981791 0.2 1.0 1.0 0.2 0.3 0.5 0.15 1.0 0.2 0.15 1.0 0.4 3094.8571825269296 133.08999251175658 9228.275243017202 142.8752131806982 197.04736223785045 550 1
python3 MAIN_no_enso.py 2.456180417490258 2.1022663572050218 2.8605079386199446 3.4572586671417502 3.5943094240651083 0.2 1.0 1.0 0.2 0.3 0.5 0.15 1.0 0.2 0.15 1.0 0.4 2187.3140880230703 225.54462667462377 3449.5987003144064 159.25877172228925 133.05936444954037 550 2
python3 MAIN_no_enso.py 2.2014144750799836 3.962997082573804 2.064191130959627 3.9353505908522157 5.720359174214021 0.2 1.0 1.0 0.2 0.3 0.5 0.15 1.0 0.2 0.15 1.0 0.4 9976.251525808684 177.8880269881637 2652.6253688021206 186.5083326460906 100.63397544271128 550 3
python3 MAIN_no_enso.py 0.8982859039929294 6.3844702824833455 1.4243910324139455 5.276310242927883 3.850964036967464 0.2 1.0 1.0 0.2 0.3 0.5 0.15 1.0 0.2 0.15 1.0 0.4 13831.153289622827 203.33738817341768 11420.688094633388 169.49249905488887 165.71740201490275 550 4
python3 MAIN_no_enso.py 1.073881153317173 5.245830749179379 1.8368153978518347 5.101337332661436 3.2005874677161756 0.2 1.0 1.0 0.2 0.3 0.5 0.15 1.0 0.2 0.15 1.0 0.4 6665.547515236615 49.098399098934124 12800.965120757419 77.25723255987434 59.139420413832035 550 5
python3 MAIN_no_enso.py 1.556056291655666 4.380051365098039 1.6712872713881608 3.1374830965830593 5.5182093624062345 0.2 1.0 1.0 0.2 0.3 0.5 0.15 1.0 0.2 0.15 1.0 0.4 4340.906402516488 82.78210269385637 1472.0498879032568 95.92455167028957 74.80396996228303 550 6
python3 MAIN_no_enso.py 2.91929589009895 2.003897912329612 1.1259948562703261 5.876521247072342 4.107451257072678 0.2 1.0 1.0 0.2 0.3 0.5 0.15 1.0 0.2 0.15 1.0 0.4 13258.343331358277 127.10711999106995 10459.231886101234 124.77816856409682 184.40310099847207 550 7
python3 MAIN_no_enso.py 1.3174385900221228 3.10237233696232 2.226516150053465 4.647180990011262 5.160997967310166 0.2 1.0 1.0 0.2 0.3 0.5 0.15 1.0 0.2 0.15 1.0 0.4 6255.377516425884 261.35856156515445 5904.2555391945025 59.16082236418685 94.11341946140729 550 8
python3 MAIN_no_enso.py 2.6502444469814184 7.36619030759344 2.5981087847627746 2.0891595562328567 4.8272474827828695 0.2 1.0 1.0 0.2 0.3 0.5 0.15 1.0 0.2 0.15 1.0 0.4 9269.859834031613 32.9787307424793 5190.783696451834 36.41579369481944 112.9156686390775 550 9
python3 MAIN_no_enso.py 1.8892648987671623 7.215622667171301 1.203018443674136 2.592520263666393 4.701143220954325 0.2 1.0 1.0 0.2 0.3 0.5 0.15 1.0 0.2 0.15 1.0 0.4 11581.690653938325 285.5526881818845 7781.022168058804 82.78513007780778 140.3348059306411 550 10
python3 MAIN_no_enso.py 1.9670734205762415 5.692131851824371 2.621380265809922 4.058269716824933 4.32301854981791 0.2 1.0 1.0 0.2 0.3 0.5 0.15 1.0 0.2 0.15 1.0 0.4 3094.8571825269296 133.08999251175658 9228.275243017202 142.8752131806982 197.04736223785045 600 1
python3 MAIN_no_enso.py 2.456180417490258 2.1022663572050218 2.8605079386199446 3.4572586671417502 3.5943094240651083 0.2 1.0 1.0 0.2 0.3 0.5 0.15 1.0 0.2 0.15 1.0 0.4 2187.3140880230703 225.54462667462377 3449.5987003144064 159.25877172228925 133.05936444954037 600 2
python3 MAIN_no_enso.py 2.2014144750799836 3.962997082573804 2.064191130959627 3.9353505908522157 5.720359174214021 0.2 1.0 1.0 0.2 0.3 0.5 0.15 1.0 0.2 0.15 1.0 0.4 9976.251525808684 177.8880269881637 2652.6253688021206 186.5083326460906 100.63397544271128 600 3
python3 MAIN_no_enso.py 0.8982859039929294 6.3844702824833455 1.4243910324139455 5.276310242927883 3.850964036967464 0.2 1.0 1.0 0.2 0.3 0.5 0.15 1.0 0.2 0.15 1.0 0.4 13831.153289622827 203.33738817341768 11420.688094633388 169.49249905488887 165.71740201490275 600 4
python3 MAIN_no_enso.py 1.073881153317173 5.245830749179379 1.8368153978518347 5.101337332661436 3.2005874677161756 0.2 1.0 1.0 0.2 0.3 0.5 0.15 1.0 0.2 0.15 1.0 0.4 6665.547515236615 49.098399098934124 12800.965120757419 77.25723255987434 59.139420413832035 600 5
python3 MAIN_no_enso.py 1.556056291655666 4.380051365098039 1.6712872713881608 3.1374830965830593 5.5182093624062345 0.2 1.0 1.0 0.2 0.3 0.5 0.15 1.0 0.2 0.15 1.0 0.4 4340.906402516488 82.78210269385637 1472.0498879032568 95.92455167028957 74.80396996228303 600 6
python3 MAIN_no_enso.py 2.91929589009895 2.003897912329612 1.1259948562703261 5.876521247072342 4.107451257072678 0.2 1.0 1.0 0.2 0.3 0.5 0.15 1.0 0.2 0.15 1.0 0.4 13258.343331358277 127.10711999106995 10459.231886101234 124.77816856409682 184.40310099847207 600 7
python3 MAIN_no_enso.py 1.3174385900221228 3.10237233696232 2.226516150053465 4.647180990011262 5.160997967310166 0.2 1.0 1.0 0.2 0.3 0.5 0.15 1.0 0.2 0.15 1.0 0.4 6255.377516425884 261.35856156515445 5904.2555391945025 59.16082236418685 94.11341946140729 600 8
python3 MAIN_no_enso.py 2.6502444469814184 7.36619030759344 2.5981087847627746 2.0891595562328567 4.8272474827828695 0.2 1.0 1.0 0.2 0.3 0.5 0.15 1.0 0.2 0.15 1.0 0.4 9269.859834031613 32.9787307424793 5190.783696451834 36.41579369481944 112.9156686390775 600 9
python3 MAIN_no_enso.py 1.8892648987671623 7.215622667171301 1.203018443674136 2.592520263666393 4.701143220954325 0.2 1.0 1.0 0.2 0.3 0.5 0.15 1.0 0.2 0.15 1.0 0.4 11581.690653938325 285.5526881818845 7781.022168058804 82.78513007780778 140.3348059306411 600 10
python3 MAIN_no_enso.py 1.9670734205762415 5.692131851824371 2.621380265809922 4.058269716824933 4.32301854981791 0.2 1.0 1.0 0.2 0.3 0.5 0.15 1.0 0.2 0.15 1.0 0.4 3094.8571825269296 133.08999251175658 9228.275243017202 142.8752131806982 197.04736223785045 650 1
python3 MAIN_no_enso.py 2.456180417490258 2.1022663572050218 2.8605079386199446 3.4572586671417502 3.5943094240651083 0.2 1.0 1.0 0.2 0.3 0.5 0.15 1.0 0.2 0.15 1.0 0.4 2187.3140880230703 225.54462667462377 3449.5987003144064 159.25877172228925 133.05936444954037 650 2
python3 MAIN_no_enso.py 2.2014144750799836 3.962997082573804 2.064191130959627 3.9353505908522157 5.720359174214021 0.2 1.0 1.0 0.2 0.3 0.5 0.15 1.0 0.2 0.15 1.0 0.4 9976.251525808684 177.8880269881637 2652.6253688021206 186.5083326460906 100.63397544271128 650 3
python3 MAIN_no_enso.py 0.8982859039929294 6.3844702824833455 1.4243910324139455 5.276310242927883 3.850964036967464 0.2 1.0 1.0 0.2 0.3 0.5 0.15 1.0 0.2 0.15 1.0 0.4 13831.153289622827 203.33738817341768 11420.688094633388 169.49249905488887 165.71740201490275 650 4
python3 MAIN_no_enso.py 1.073881153317173 5.245830749179379 1.8368153978518347 5.101337332661436 3.2005874677161756 0.2 1.0 1.0 0.2 0.3 0.5 0.15 1.0 0.2 0.15 1.0 0.4 6665.547515236615 49.098399098934124 12800.965120757419 77.25723255987434 59.139420413832035 650 5
python3 MAIN_no_enso.py 1.556056291655666 4.380051365098039 1.6712872713881608 3.1374830965830593 5.5182093624062345 0.2 1.0 1.0 0.2 0.3 0.5 0.15 1.0 0.2 0.15 1.0 0.4 4340.906402516488 82.78210269385637 1472.0498879032568 95.92455167028957 74.80396996228303 650 6
python3 MAIN_no_enso.py 2.91929589009895 2.003897912329612 1.1259948562703261 5.876521247072342 4.107451257072678 0.2 1.0 1.0 0.2 0.3 0.5 0.15 1.0 0.2 0.15 1.0 0.4 13258.343331358277 127.10711999106995 10459.231886101234 124.77816856409682 184.40310099847207 650 7
python3 MAIN_no_enso.py 1.3174385900221228 3.10237233696232 2.226516150053465 4.647180990011262 5.160997967310166 0.2 1.0 1.0 0.2 0.3 0.5 0.15 1.0 0.2 0.15 1.0 0.4 6255.377516425884 261.35856156515445 5904.2555391945025 59.16082236418685 94.11341946140729 650 8
python3 MAIN_no_enso.py 2.6502444469814184 7.36619030759344 2.5981087847627746 2.0891595562328567 4.8272474827828695 0.2 1.0 1.0 0.2 0.3 0.5 0.15 1.0 0.2 0.15 1.0 0.4 9269.859834031613 32.9787307424793 5190.783696451834 36.41579369481944 112.9156686390775 650 9
python3 MAIN_no_enso.py 1.8892648987671623 7.215622667171301 1.203018443674136 2.592520263666393 4.701143220954325 0.2 1.0 1.0 0.2 0.3 0.5 0.15 1.0 0.2 0.15 1.0 0.4 11581.690653938325 285.5526881818845 7781.022168058804 82.78513007780778 140.3348059306411 650 10
python3 MAIN_no_enso.py 1.9670734205762415 5.692131851824371 2.621380265809922 4.058269716824933 4.32301854981791 0.2 1.0 1.0 0.2 0.3 0.5 0.15 1.0 0.2 0.15 1.0 0.4 3094.8571825269296 133.08999251175658 9228.275243017202 142.8752131806982 197.04736223785045 700 1
python3 MAIN_no_enso.py 2.456180417490258 2.1022663572050218 2.8605079386199446 3.4572586671417502 3.5943094240651083 0.2 1.0 1.0 0.2 0.3 0.5 0.15 1.0 0.2 0.15 1.0 0.4 2187.3140880230703 225.54462667462377 3449.5987003144064 159.25877172228925 133.05936444954037 700 2
python3 MAIN_no_enso.py 2.2014144750799836 3.962997082573804 2.064191130959627 3.9353505908522157 5.720359174214021 0.2 1.0 1.0 0.2 0.3 0.5 0.15 1.0 0.2 0.15 1.0 0.4 9976.251525808684 177.8880269881637 2652.6253688021206 186.5083326460906 100.63397544271128 700 3
python3 MAIN_no_enso.py 0.8982859039929294 6.3844702824833455 1.4243910324139455 5.276310242927883 3.850964036967464 0.2 1.0 1.0 0.2 0.3 0.5 0.15 1.0 0.2 0.15 1.0 0.4 13831.153289622827 203.33738817341768 11420.688094633388 169.49249905488887 165.71740201490275 700 4
python3 MAIN_no_enso.py 1.073881153317173 5.245830749179379 1.8368153978518347 5.101337332661436 3.2005874677161756 0.2 1.0 1.0 0.2 0.3 0.5 0.15 1.0 0.2 0.15 1.0 0.4 6665.547515236615 49.098399098934124 12800.965120757419 77.25723255987434 59.139420413832035 700 5
python3 MAIN_no_enso.py 1.556056291655666 4.380051365098039 1.6712872713881608 3.1374830965830593 5.5182093624062345 0.2 1.0 1.0 0.2 0.3 0.5 0.15 1.0 0.2 0.15 1.0 0.4 4340.906402516488 82.78210269385637 1472.0498879032568 95.92455167028957 74.80396996228303 700 6
python3 MAIN_no_enso.py 2.91929589009895 2.003897912329612 1.1259948562703261 5.876521247072342 4.107451257072678 0.2 1.0 1.0 0.2 0.3 0.5 0.15 1.0 0.2 0.15 1.0 0.4 13258.343331358277 127.10711999106995 10459.231886101234 124.77816856409682 184.40310099847207 700 7
python3 MAIN_no_enso.py 1.3174385900221228 3.10237233696232 2.226516150053465 4.647180990011262 5.160997967310166 0.2 1.0 1.0 0.2 0.3 0.5 0.15 1.0 0.2 0.15 1.0 0.4 6255.377516425884 261.35856156515445 5904.2555391945025 59.16082236418685 94.11341946140729 700 8
python3 MAIN_no_enso.py 2.6502444469814184 7.36619030759344 2.5981087847627746 2.0891595562328567 4.8272474827828695 0.2 1.0 1.0 0.2 0.3 0.5 0.15 1.0 0.2 0.15 1.0 0.4 9269.859834031613 32.9787307424793 5190.783696451834 36.41579369481944 112.9156686390775 700 9
python3 MAIN_no_enso.py 1.8892648987671623 7.215622667171301 1.203018443674136 2.592520263666393 4.701143220954325 0.2 1.0 1.0 0.2 0.3 0.5 0.15 1.0 0.2 0.15 1.0 0.4 11581.690653938325 285.5526881818845 7781.022168058804 82.78513007780778 140.3348059306411 700 10
python3 MAIN_no_enso.py 1.9670734205762415 5.692131851824371 2.621380265809922 4.058269716824933 4.32301854981791 0.2 1.0 1.0 0.2 0.3 0.5 0.15 1.0 0.2 0.15 1.0 0.4 3094.8571825269296 133.08999251175658 9228.275243017202 142.8752131806982 197.04736223785045 750 1
python3 MAIN_no_enso.py 2.456180417490258 2.1022663572050218 2.8605079386199446 3.4572586671417502 3.5943094240651083 0.2 1.0 1.0 0.2 0.3 0.5 0.15 1.0 0.2 0.15 1.0 0.4 2187.3140880230703 225.54462667462377 3449.5987003144064 159.25877172228925 133.05936444954037 750 2
python3 MAIN_no_enso.py 2.2014144750799836 3.962997082573804 2.064191130959627 3.9353505908522157 5.720359174214021 0.2 1.0 1.0 0.2 0.3 0.5 0.15 1.0 0.2 0.15 1.0 0.4 9976.251525808684 177.8880269881637 2652.6253688021206 186.5083326460906 100.63397544271128 750 3
python3 MAIN_no_enso.py 0.8982859039929294 6.3844702824833455 1.4243910324139455 5.276310242927883 3.850964036967464 0.2 1.0 1.0 0.2 0.3 0.5 0.15 1.0 0.2 0.15 1.0 0.4 13831.153289622827 203.33738817341768 11420.688094633388 169.49249905488887 165.71740201490275 750 4
python3 MAIN_no_enso.py 1.073881153317173 5.245830749179379 1.8368153978518347 5.101337332661436 3.2005874677161756 0.2 1.0 1.0 0.2 0.3 0.5 0.15 1.0 0.2 0.15 1.0 0.4 6665.547515236615 49.098399098934124 12800.965120757419 77.25723255987434 59.139420413832035 750 5
python3 MAIN_no_enso.py 1.556056291655666 4.380051365098039 1.6712872713881608 3.1374830965830593 5.5182093624062345 0.2 1.0 1.0 0.2 0.3 0.5 0.15 1.0 0.2 0.15 1.0 0.4 4340.906402516488 82.78210269385637 1472.0498879032568 95.92455167028957 74.80396996228303 750 6
python3 MAIN_no_enso.py 2.91929589009895 2.003897912329612 1.1259948562703261 5.876521247072342 4.107451257072678 0.2 1.0 1.0 0.2 0.3 0.5 0.15 1.0 0.2 0.15 1.0 0.4 13258.343331358277 127.10711999106995 10459.231886101234 124.77816856409682 184.40310099847207 750 7
python3 MAIN_no_enso.py 1.3174385900221228 3.10237233696232 2.226516150053465 4.647180990011262 5.160997967310166 0.2 1.0 1.0 0.2 0.3 0.5 0.15 1.0 0.2 0.15 1.0 0.4 6255.377516425884 261.35856156515445 5904.2555391945025 59.16082236418685 94.11341946140729 750 8
python3 MAIN_no_enso.py 2.6502444469814184 7.36619030759344 2.5981087847627746 2.0891595562328567 4.8272474827828695 0.2 1.0 1.0 0.2 0.3 0.5 0.15 1.0 0.2 0.15 1.0 0.4 9269.859834031613 32.9787307424793 5190.783696451834 36.41579369481944 112.9156686390775 750 9
python3 MAIN_no_enso.py 1.8892648987671623 7.215622667171301 1.203018443674136 2.592520263666393 4.701143220954325 0.2 1.0 1.0 0.2 0.3 0.5 0.15 1.0 0.2 0.15 1.0 0.4 11581.690653938325 285.5526881818845 7781.022168058804 82.78513007780778 140.3348059306411 750 10
python3 MAIN_no_enso.py 1.9670734205762415 5.692131851824371 2.621380265809922 4.058269716824933 4.32301854981791 0.2 1.0 1.0 0.2 0.3 0.5 0.15 1.0 0.2 0.15 1.0 0.4 3094.8571825269296 133.08999251175658 9228.275243017202 142.8752131806982 197.04736223785045 800 1
python3 MAIN_no_enso.py 2.456180417490258 2.1022663572050218 2.8605079386199446 3.4572586671417502 3.5943094240651083 0.2 1.0 1.0 0.2 0.3 0.5 0.15 1.0 0.2 0.15 1.0 0.4 2187.3140880230703 225.54462667462377 3449.5987003144064 159.25877172228925 133.05936444954037 800 2
python3 MAIN_no_enso.py 2.2014144750799836 3.962997082573804 2.064191130959627 3.9353505908522157 5.720359174214021 0.2 1.0 1.0 0.2 0.3 0.5 0.15 1.0 0.2 0.15 1.0 0.4 9976.251525808684 177.8880269881637 2652.6253688021206 186.5083326460906 100.63397544271128 800 3
python3 MAIN_no_enso.py 0.8982859039929294 6.3844702824833455 1.4243910324139455 5.276310242927883 3.850964036967464 0.2 1.0 1.0 0.2 0.3 0.5 0.15 1.0 0.2 0.15 1.0 0.4 13831.153289622827 203.33738817341768 11420.688094633388 169.49249905488887 165.71740201490275 800 4
python3 MAIN_no_enso.py 1.073881153317173 5.245830749179379 1.8368153978518347 5.101337332661436 3.2005874677161756 0.2 1.0 1.0 0.2 0.3 0.5 0.15 1.0 0.2 0.15 1.0 0.4 6665.547515236615 49.098399098934124 12800.965120757419 77.25723255987434 59.139420413832035 800 5
python3 MAIN_no_enso.py 1.556056291655666 4.380051365098039 1.6712872713881608 3.1374830965830593 5.5182093624062345 0.2 1.0 1.0 0.2 0.3 0.5 0.15 1.0 0.2 0.15 1.0 0.4 4340.906402516488 82.78210269385637 1472.0498879032568 95.92455167028957 74.80396996228303 800 6
python3 MAIN_no_enso.py 2.91929589009895 2.003897912329612 1.1259948562703261 5.876521247072342 4.107451257072678 0.2 1.0 1.0 0.2 0.3 0.5 0.15 1.0 0.2 0.15 1.0 0.4 13258.343331358277 127.10711999106995 10459.231886101234 124.77816856409682 184.40310099847207 800 7
python3 MAIN_no_enso.py 1.3174385900221228 3.10237233696232 2.226516150053465 4.647180990011262 5.160997967310166 0.2 1.0 1.0 0.2 0.3 0.5 0.15 1.0 0.2 0.15 1.0 0.4 6255.377516425884 261.35856156515445 5904.2555391945025 59.16082236418685 94.11341946140729 800 8
python3 MAIN_no_enso.py 2.6502444469814184 7.36619030759344 2.5981087847627746 2.0891595562328567 4.8272474827828695 0.2 1.0 1.0 0.2 0.3 0.5 0.15 1.0 0.2 0.15 1.0 0.4 9269.859834031613 32.9787307424793 5190.783696451834 36.41579369481944 112.9156686390775 800 9
python3 MAIN_no_enso.py 1.8892648987671623 7.215622667171301 1.203018443674136 2.592520263666393 4.701143220954325 0.2 1.0 1.0 0.2 0.3 0.5 0.15 1.0 0.2 0.15 1.0 0.4 11581.690653938325 285.5526881818845 7781.022168058804 82.78513007780778 140.3348059306411 800 10
python3 MAIN_no_enso.py 1.9670734205762415 5.692131851824371 2.621380265809922 4.058269716824933 4.32301854981791 0.2 1.0 1.0 0.2 0.3 0.5 0.15 1.0 0.2 0.15 1.0 0.4 3094.8571825269296 133.08999251175658 9228.275243017202 142.8752131806982 197.04736223785045 850 1
python3 MAIN_no_enso.py 2.456180417490258 2.1022663572050218 2.8605079386199446 3.4572586671417502 3.5943094240651083 0.2 1.0 1.0 0.2 0.3 0.5 0.15 1.0 0.2 0.15 1.0 0.4 2187.3140880230703 225.54462667462377 3449.5987003144064 159.25877172228925 133.05936444954037 850 2
python3 MAIN_no_enso.py 2.2014144750799836 3.962997082573804 2.064191130959627 3.9353505908522157 5.720359174214021 0.2 1.0 1.0 0.2 0.3 0.5 0.15 1.0 0.2 0.15 1.0 0.4 9976.251525808684 177.8880269881637 2652.6253688021206 186.5083326460906 100.63397544271128 850 3
python3 MAIN_no_enso.py 0.8982859039929294 6.3844702824833455 1.4243910324139455 5.276310242927883 3.850964036967464 0.2 1.0 1.0 0.2 0.3 0.5 0.15 1.0 0.2 0.15 1.0 0.4 13831.153289622827 203.33738817341768 11420.688094633388 169.49249905488887 165.71740201490275 850 4
python3 MAIN_no_enso.py 1.073881153317173 5.245830749179379 1.8368153978518347 5.101337332661436 3.2005874677161756 0.2 1.0 1.0 0.2 0.3 0.5 0.15 1.0 0.2 0.15 1.0 0.4 6665.547515236615 49.098399098934124 12800.965120757419 77.25723255987434 59.139420413832035 850 5
python3 MAIN_no_enso.py 1.556056291655666 4.380051365098039 1.6712872713881608 3.1374830965830593 5.5182093624062345 0.2 1.0 1.0 0.2 0.3 0.5 0.15 1.0 0.2 0.15 1.0 0.4 4340.906402516488 82.78210269385637 1472.0498879032568 95.92455167028957 74.80396996228303 850 6
python3 MAIN_no_enso.py 2.91929589009895 2.003897912329612 1.1259948562703261 5.876521247072342 4.107451257072678 0.2 1.0 1.0 0.2 0.3 0.5 0.15 1.0 0.2 0.15 1.0 0.4 13258.343331358277 127.10711999106995 10459.231886101234 124.77816856409682 184.40310099847207 850 7
python3 MAIN_no_enso.py 1.3174385900221228 3.10237233696232 2.226516150053465 4.647180990011262 5.160997967310166 0.2 1.0 1.0 0.2 0.3 0.5 0.15 1.0 0.2 0.15 1.0 0.4 6255.377516425884 261.35856156515445 5904.2555391945025 59.16082236418685 94.11341946140729 850 8
python3 MAIN_no_enso.py 2.6502444469814184 7.36619030759344 2.5981087847627746 2.0891595562328567 4.8272474827828695 0.2 1.0 1.0 0.2 0.3 0.5 0.15 1.0 0.2 0.15 1.0 0.4 9269.859834031613 32.9787307424793 5190.783696451834 36.41579369481944 112.9156686390775 850 9
python3 MAIN_no_enso.py 1.8892648987671623 7.215622667171301 1.203018443674136 2.592520263666393 4.701143220954325 0.2 1.0 1.0 0.2 0.3 0.5 0.15 1.0 0.2 0.15 1.0 0.4 11581.690653938325 285.5526881818845 7781.022168058804 82.78513007780778 140.3348059306411 850 10
python3 MAIN_no_enso.py 1.9670734205762415 5.692131851824371 2.621380265809922 4.058269716824933 4.32301854981791 0.2 1.0 1.0 0.2 0.3 0.5 0.15 1.0 0.2 0.15 1.0 0.4 3094.8571825269296 133.08999251175658 9228.275243017202 142.8752131806982 197.04736223785045 900 1
python3 MAIN_no_enso.py 2.456180417490258 2.1022663572050218 2.8605079386199446 3.4572586671417502 3.5943094240651083 0.2 1.0 1.0 0.2 0.3 0.5 0.15 1.0 0.2 0.15 1.0 0.4 2187.3140880230703 225.54462667462377 3449.5987003144064 159.25877172228925 133.05936444954037 900 2
python3 MAIN_no_enso.py 2.2014144750799836 3.962997082573804 2.064191130959627 3.9353505908522157 5.720359174214021 0.2 1.0 1.0 0.2 0.3 0.5 0.15 1.0 0.2 0.15 1.0 0.4 9976.251525808684 177.8880269881637 2652.6253688021206 186.5083326460906 100.63397544271128 900 3
python3 MAIN_no_enso.py 0.8982859039929294 6.3844702824833455 1.4243910324139455 5.276310242927883 3.850964036967464 0.2 1.0 1.0 0.2 0.3 0.5 0.15 1.0 0.2 0.15 1.0 0.4 13831.153289622827 203.33738817341768 11420.688094633388 169.49249905488887 165.71740201490275 900 4
python3 MAIN_no_enso.py 1.073881153317173 5.245830749179379 1.8368153978518347 5.101337332661436 3.2005874677161756 0.2 1.0 1.0 0.2 0.3 0.5 0.15 1.0 0.2 0.15 1.0 0.4 6665.547515236615 49.098399098934124 12800.965120757419 77.25723255987434 59.139420413832035 900 5
python3 MAIN_no_enso.py 1.556056291655666 4.380051365098039 1.6712872713881608 3.1374830965830593 5.5182093624062345 0.2 1.0 1.0 0.2 0.3 0.5 0.15 1.0 0.2 0.15 1.0 0.4 4340.906402516488 82.78210269385637 1472.0498879032568 95.92455167028957 74.80396996228303 900 6
python3 MAIN_no_enso.py 2.91929589009895 2.003897912329612 1.1259948562703261 5.876521247072342 4.107451257072678 0.2 1.0 1.0 0.2 0.3 0.5 0.15 1.0 0.2 0.15 1.0 0.4 13258.343331358277 127.10711999106995 10459.231886101234 124.77816856409682 184.40310099847207 900 7
python3 MAIN_no_enso.py 1.3174385900221228 3.10237233696232 2.226516150053465 4.647180990011262 5.160997967310166 0.2 1.0 1.0 0.2 0.3 0.5 0.15 1.0 0.2 0.15 1.0 0.4 6255.377516425884 261.35856156515445 5904.2555391945025 59.16082236418685 94.11341946140729 900 8
python3 MAIN_no_enso.py 2.6502444469814184 7.36619030759344 2.5981087847627746 2.0891595562328567 4.8272474827828695 0.2 1.0 1.0 0.2 0.3 0.5 0.15 1.0 0.2 0.15 1.0 0.4 9269.859834031613 32.9787307424793 5190.783696451834 36.41579369481944 112.9156686390775 900 9
python3 MAIN_no_enso.py 1.8892648987671623 7.215622667171301 1.203018443674136 2.592520263666393 4.701143220954325 0.2 1.0 1.0 0.2 0.3 0.5 0.15 1.0 0.2 0.15 1.0 0.4 11581.690653938325 285.5526881818845 7781.022168058804 82.78513007780778 140.3348059306411 900 10
python3 MAIN_no_enso.py 1.9670734205762415 5.692131851824371 2.621380265809922 4.058269716824933 4.32301854981791 0.2 1.0 1.0 0.2 0.3 0.5 0.15 1.0 0.2 0.15 1.0 0.4 3094.8571825269296 133.08999251175658 9228.275243017202 142.8752131806982 197.04736223785045 950 1
python3 MAIN_no_enso.py 2.456180417490258 2.1022663572050218 2.8605079386199446 3.4572586671417502 3.5943094240651083 0.2 1.0 1.0 0.2 0.3 0.5 0.15 1.0 0.2 0.15 1.0 0.4 2187.3140880230703 225.54462667462377 3449.5987003144064 159.25877172228925 133.05936444954037 950 2
python3 MAIN_no_enso.py 2.2014144750799836 3.962997082573804 2.064191130959627 3.9353505908522157 5.720359174214021 0.2 1.0 1.0 0.2 0.3 0.5 0.15 1.0 0.2 0.15 1.0 0.4 9976.251525808684 177.8880269881637 2652.6253688021206 186.5083326460906 100.63397544271128 950 3
python3 MAIN_no_enso.py 0.8982859039929294 6.3844702824833455 1.4243910324139455 5.276310242927883 3.850964036967464 0.2 1.0 1.0 0.2 0.3 0.5 0.15 1.0 0.2 0.15 1.0 0.4 13831.153289622827 203.33738817341768 11420.688094633388 169.49249905488887 165.71740201490275 950 4
python3 MAIN_no_enso.py 1.073881153317173 5.245830749179379 1.8368153978518347 5.101337332661436 3.2005874677161756 0.2 1.0 1.0 0.2 0.3 0.5 0.15 1.0 0.2 0.15 1.0 0.4 6665.547515236615 49.098399098934124 12800.965120757419 77.25723255987434 59.139420413832035 950 5
python3 MAIN_no_enso.py 1.556056291655666 4.380051365098039 1.6712872713881608 3.1374830965830593 5.5182093624062345 0.2 1.0 1.0 0.2 0.3 0.5 0.15 1.0 0.2 0.15 1.0 0.4 4340.906402516488 82.78210269385637 1472.0498879032568 95.92455167028957 74.80396996228303 950 6
python3 MAIN_no_enso.py 2.91929589009895 2.003897912329612 1.1259948562703261 5.876521247072342 4.107451257072678 0.2 1.0 1.0 0.2 0.3 0.5 0.15 1.0 0.2 0.15 1.0 0.4 13258.343331358277 127.10711999106995 10459.231886101234 124.77816856409682 184.40310099847207 950 7
python3 MAIN_no_enso.py 1.3174385900221228 3.10237233696232 2.226516150053465 4.647180990011262 5.160997967310166 0.2 1.0 1.0 0.2 0.3 0.5 0.15 1.0 0.2 0.15 1.0 0.4 6255.377516425884 261.35856156515445 5904.2555391945025 59.16082236418685 94.11341946140729 950 8
python3 MAIN_no_enso.py 2.6502444469814184 7.36619030759344 2.5981087847627746 2.0891595562328567 4.8272474827828695 0.2 1.0 1.0 0.2 0.3 0.5 0.15 1.0 0.2 0.15 1.0 0.4 9269.859834031613 32.9787307424793 5190.783696451834 36.41579369481944 112.9156686390775 950 9
python3 MAIN_no_enso.py 1.8892648987671623 7.215622667171301 1.203018443674136 2.592520263666393 4.701143220954325 0.2 1.0 1.0 0.2 0.3 0.5 0.15 1.0 0.2 0.15 1.0 0.4 11581.690653938325 285.5526881818845 7781.022168058804 82.78513007780778 140.3348059306411 950 10
